141.95	45.34	6.163902969	18.01193167	6.163902969	15.01193167	-2.843256032
46.3	44.06	6.683320118	17.70645186	6.683320118	14.70645186	-2.140550999
202.17	78.93	3.235295462	14.79875799	3.235295462	11.79875799	-3.843959333
101.82	31.78	7.05479365	19.25061834	7.05479365	16.25061834	-2.695577352
36.26	40.45	5.870563985	19.05036301	5.870563985	16.05036301	-3.75965382
248.04	86.72	2.893937364	8.776020028	2.893937364	5.776020028	-0.571674653
225.34	3.81	0.840764717	23.53687277	0.840764717	20.53687277	-11.48135895
108.06	87.57	2.439495824	8.405248392	2.439495824	5.405248392	-0.803653211
134.09	17.03	3.58764107	22.55111279	3.58764107	19.55111279	-8.143026605
121.34	60.04	6.723241654	13.21774064	6.723241654	10.21774064	0.592597268
164.79	52.78	4.417629918	18.17460683	4.417629918	15.17460683	-4.687134178
18.45	60.76	4.291655284	16.89711307	4.291655284	13.89711307	-4.046612559
79.53	32.49	7.161857447	19.05537649	7.161857447	16.05537649	-2.471368448
172.98	55.83	3.852745629	18.03875646	3.852745629	15.03875646	-5.170508249
213.95	73	4.595535333	14.00402865	4.595535333	11.00402865	-2.006881858
160.12	1.73	0.279827071	23.58187574	0.279827071	20.58187574	-12.06929837
171.33	7.55	1.075800201	23.44892875	1.075800201	20.44892875	-11.19355705
151.45	87.73	3.374084869	13.79038014	3.374084869	10.79038014	-3.100143215
171.96	58.62	3.742612888	17.65249231	3.742612888	14.65249231	-5.048882501
66.85	20.81	5.003100556	21.72892298	5.003100556	18.72892298	-6.234253235
22	36.31	4.647837827	20.39517956	4.647837827	17.39517956	-5.789269912
242.42	10.98	2.739818805	23.07241947	2.739818805	20.07241947	-9.303632876
64.87	24.16	5.573063179	21.15449335	5.573063179	18.15449335	-5.319632829
156.53	23.21	3.544911484	22.15217819	3.544911484	19.15217819	-7.946395431
235.76	29.85	6.094072475	20.25783188	6.094072475	17.25783188	-4.260626656
262.71	13.7	3.655162297	22.70086124	3.655162297	19.70086124	-8.165354445
67.99	31.32	6.753848741	19.57527455	6.753848741	16.57527455	-3.19131599
130	10.95	2.479795428	23.13252787	2.479795428	20.13252787	-9.599721296
2.9	79.57	1.480440811	15.84207778	1.480440811	12.84207778	-6.224805855
57.14	8.49	2.061257614	23.29296154	2.061257614	20.29296154	-10.11451931
124.16	83.7	3.971341908	10.29124782	3.971341908	7.291247824	-0.403406787
4.4	35.91	3.834704916	20.82527575	3.834704916	17.82527575	-6.860460532
127.02	4.27	1.012670093	23.51746796	1.012670093	20.51746796	-11.29781068
166.04	30.81	3.840841986	21.37190077	3.840841986	18.37190077	-7.182298476
169.83	66.24	3.293334184	16.68838086	3.293334184	13.68838086	-4.91969433
132.27	71.52	5.295744764	12.46722493	5.295744764	9.467224926	-0.384590192
16.8	49.04	4.599468632	18.65283138	4.599468632	15.65283138	-4.792230198
24.76	61.76	4.74261045	16.3011131	4.74261045	13.3011131	-3.238057412
62.7	80.43	3.975742939	9.686000665	3.975742939	6.686000665	-0.03585746
92.83	4.93	1.366969968	23.47212448	1.366969968	20.47212448	-10.91630472
120.79	27.33	5.889020561	20.66294765	5.889020561	17.66294765	-4.708748029
4.49	4.16	0.583382145	23.5476963	0.583382145	20.5476963	-11.74523563
198.37	17.59	2.631359557	22.78782282	2.631359557	19.78782282	-9.241334134
100.52	64.81	6.18964453	10.72293062	6.18964453	7.722930617	1.55588616
244.39	64.96	6.230903861	11.69805984	6.230903861	8.69805984	1.012067957
172.92	79	1.7968243	15.77393721	1.7968243	12.77393721	-5.867538025
85.9	52.42	7.716974766	13.57924835	7.716974766	10.57924835	1.369425756
118.27	6.36	1.605008864	23.41590138	1.605008864	20.41590138	-10.64453196
175.42	83.05	1.153848611	15.66678792	1.153848611	12.66678792	-6.446224143
75.19	72.03	4.909862505	9.603405044	4.909862505	6.603405044	0.947819478
256.71	25.74	6.135439475	20.65570945	6.135439475	17.65570945	-4.457986198
106.85	48.93	7.764384967	14.88891922	7.764384967	11.88891922	0.631033432
97.61	88.63	1.114753336	7.759179475	1.114753336	4.759179475	-1.740754349
173.37	64.41	3.260551335	17.00399207	3.260551335	14.00399207	-5.141843908
86	75.51	3.899109137	8.646881834	3.899109137	5.646881834	0.510980036
134.66	38.99	6.398613534	18.82668745	6.398613534	15.82668745	-3.097398935
154.49	42.36	5.159268692	19.28984415	5.159268692	16.28984415	-4.614637798
52.39	50.46	7.045129317	15.85617916	7.045129317	12.85617916	-0.668578181
42.28	24.22	4.638653724	21.63668947	4.638653724	18.63668947	-6.543359958
265.67	67.41	5.678575113	10.00681927	5.678575113	7.006819272	1.47448355
103.59	45.35	7.876573407	15.72565308	7.876573407	12.72565308	0.241181558
228.66	58.21	6.530118167	14.56340645	6.530118167	11.56340645	-0.407925706
238.78	27.7	5.926635256	20.60090579	5.926635256	17.60090579	-4.633908219
196.63	12.49	1.885780941	23.18568	1.885780941	20.18568	-10.22562706
125.54	42.8	7.10110586	17.45924384	7.10110586	14.45924384	-1.574440447
4.27	32.62	3.661843046	21.25530716	3.661843046	18.25530716	-7.291341251
30.73	70.93	4.547904459	14.58932443	4.547904459	11.58932443	-2.405690201
154.7	70.23	4.181673713	15.22183572	4.181673713	12.22183572	-3.15142772
139.16	60.17	5.999067012	15.00555192	5.999067012	12.00555192	-1.204264142
169.64	12.02	1.705682423	23.23227242	1.705682423	20.23227242	-10.43368103
128.43	1.94	0.455669601	23.57522415	0.455669601	20.57522415	-11.88946489
145.35	50.39	5.937824561	17.31479974	5.937824561	14.31479974	-2.651055281
87.9	27.07	6.472524126	20.28281739	6.472524126	17.28281739	-3.897166307
190.46	84.55	1.620304789	15.41109971	1.620304789	12.41109971	-5.826355035
167.41	88.28	1.717416465	15.22791788	1.717416465	12.22791788	-5.619334265
235.34	25.8	5.495395634	21.05248052	5.495395634	18.05248052	-5.33609268
230.73	72.07	5.280783684	12.02235842	5.280783684	9.022358418	-0.132631367
30.3	80.65	3.791597942	13.83073835	3.791597942	10.83073835	-2.706845066
161.55	53.78	4.615581624	17.86884023	4.615581624	14.86884023	-4.305722516
161.21	79.56	2.865509255	15.06062275	2.865509255	12.06062275	-4.370864395
100.99	84.94	2.029393446	8.02242864	2.029393446	5.02242864	-0.984063738
177.87	49.42	3.959418054	18.97469883	3.959418054	15.97469883	-5.625401243
90.01	65.55	6.020971547	10.34757199	6.020971547	7.347571988	1.612428354
82.77	51.91	7.737190908	13.76980065	7.737190908	10.76980065	1.275310518
235.7	2.33	0.566611531	23.56778158	0.566611531	20.56778158	-11.77405742
129.55	40.19	6.771647757	18.28432757	6.771647757	15.28432757	-2.398948785
132.36	58.17	6.485381829	14.6732715	6.485381829	11.6732715	-0.51858107
219.4	46.91	6.281857387	17.6120979	6.281857387	14.6120979	-2.485401354
199.98	33.51	4.344779244	20.87035581	4.344779244	17.87035581	-6.37743424
117.62	84.34	3.553411132	9.466022016	3.553411132	6.466022016	-0.326202077
155.85	74.66	3.733247326	14.91537167	3.733247326	11.91537167	-3.415975676
176.38	76.42	1.895174608	16.01041139	1.895174608	13.01041139	-5.911072227
229.14	33.53	6.182020809	19.75763796	6.182020809	16.75763796	-3.872561966
100.32	53.39	7.611442485	13.45853282	7.611442485	10.45853282	1.336322796
86.36	78.53	3.147311819	8.272832234	3.147311819	5.272832234	-0.016387522
150.45	84.02	3.561288165	13.76441191	3.561288165	10.76441191	-2.897358982
262.33	60.16	6.896890564	11.67350765	6.896890564	8.673507647	1.692785976
166.57	18.61	2.611163792	22.73239961	2.611163792	19.73239961	-9.228275973
90.17	58.85	7.074293024	11.88596357	7.074293024	8.885963573	1.74271488
79.59	6.48	1.769940502	23.38979226	1.769940502	20.38979226	-10.46393485
111.46	36.61	7.319899429	18.28704174	7.319899429	15.28704174	-1.852325613
155.51	60.02	4.820852299	16.56492623	4.820852299	13.56492623	-3.318103437
105.28	84.04	2.572740632	8.331222652	2.572740632	5.331222652	-0.625992959
115.72	72.99	5.031960858	10.35355368	5.031960858	7.353553682	0.619828649
97.79	43.61	7.941847115	16.05735956	7.941847115	13.05735956	0.107431381
124.82	68.11	5.786824326	12.07417256	5.786824326	9.07417256	0.34232079
204.53	37.53	4.884442758	20.11386558	4.884442758	17.11386558	-5.383876588
204.32	87.46	3.024028674	14.26320189	3.024028674	11.26320189	-3.733892458
170.08	88.92	1.364477946	15.3657958	1.364477946	12.3657958	-6.054999536
143.95	77.77	4.331679215	13.315612	4.331679215	10.315612	-1.857687987
147.46	35	5.267463058	20.2008454	5.267463058	17.2008454	-5.05304418
96.69	40.93	7.879141196	16.77786475	7.879141196	13.77786475	-0.387577653
260.27	22.2	5.53337101	21.34121783	5.53337101	18.34121783	-5.471359687
143.64	70.6	4.938814784	13.98307063	4.938814784	10.98307063	-1.651027593
198.12	79.46	2.806145937	15.12036689	2.806145937	12.12036689	-4.466074194
73.37	82.23	2.987873447	8.544542803	2.987873447	5.544542803	-0.338852235
65.66	50.25	7.54999146	14.94623028	7.54999146	11.94623028	0.382253293
207.11	53.9	5.287655534	17.29052593	5.287655534	14.29052593	-3.286660025
120.05	13.4	3.251451107	22.83936507	3.251451107	19.83936507	-8.652167937
137.94	80.97	4.315443224	12.29942331	4.315443224	9.29942331	-1.264210762
152.42	40.54	5.245176015	19.49087317	5.245176015	16.49087317	-4.649347885
50.74	18.51	4.043195232	22.30192731	4.043195232	19.30192731	-7.537961156
209.3	80.97	3.701054909	13.93039599	3.701054909	10.93039599	-2.857182685
199.21	68.63	3.791283524	15.91075303	3.791283524	12.91075303	-3.955168296
111.77	79.42	3.812057584	9.210716263	3.812057584	6.210716263	0.085627826
53.73	25.65	5.402486368	21.11966341	5.402486368	18.11966341	-5.469311676
99.68	60.59	6.837207435	11.6347775	6.837207435	8.634777505	1.656340932
60.05	59.79	6.776464615	13.14309371	6.776464615	10.14309371	0.69060839
146.47	11.05	2.084502285	23.20692465	2.084502285	20.20692465	-10.03965251
136.07	36.66	6.149637997	19.37068453	6.149637997	16.37068453	-3.672772721
15.11	24.78	3.354731402	22.09098456	3.354731402	19.09098456	-8.099859336
65.39	64.5	6.294054124	11.70055623	6.294054124	8.700556228	1.073720387
95.58	25.5	6.189000921	20.64227112	6.189000921	17.64227112	-4.396361752
264.26	80.66	2.664389216	8.108714075	2.664389216	5.108714075	-0.400839229
150.18	74.39	4.206318685	14.34580562	4.206318685	11.34580562	-2.601164688
128.24	35.1	6.475010129	19.31858746	6.475010129	16.31858746	-3.316142349
44.07	44.81	6.56158659	17.70164718	6.56158659	14.70164718	-2.259401721
161.32	62.53	4.19839728	16.65491736	4.19839728	13.65491736	-3.994553138
86.29	75.09	3.996145144	8.699179323	3.996145144	5.699179323	0.576637551
32.22	54.87	5.657635996	16.72643827	5.657635996	13.72643827	-2.578226967
252.59	51.73	7.635706255	14.18109794	7.635706255	11.18109794	0.927047489
241.32	29.34	6.26053281	20.19517142	6.26053281	17.19517142	-4.056570043
108.96	41.08	7.669139026	17.05409916	7.669139026	14.05409916	-0.763320469
175.63	64.24	3.192703141	17.07151785	3.192703141	14.07151785	-5.250207568
6.88	79.6	1.715886318	15.74945346	1.715886318	12.74945346	-5.933785757
62.22	64.88	6.234985447	11.91267788	6.234985447	8.912677884	0.887378716
107.23	1.68	0.452623778	23.57686764	0.452623778	20.57686764	-11.89349681
249.39	60.73	6.793179145	12.18335176	6.793179145	9.183351763	1.283168087
60.39	39.47	7.221876422	17.92097257	7.221876422	14.92097257	-1.73070712
263.9	39.4	7.811979768	17.18828197	7.811979768	14.18828197	-0.700989411
18.52	10.53	1.64047312	23.29622962	1.64047312	20.29622962	-10.53726465
162.4	73.32	3.258089559	15.58792419	3.258089559	12.58792419	-4.294664952
149.88	29.24	4.587402036	21.20350127	4.587402036	18.20350127	-6.334698729
104.09	22.16	5.463455761	21.38380899	5.463455761	18.38380899	-5.566829634
161.32	30.84	4.071893612	21.27481205	4.071893612	18.27481205	-6.892993621
149.95	33.81	5.006183365	20.49573786	5.006183365	17.49573786	-5.491259348
154.13	49.19	5.269952547	18.14134576	5.269952547	15.14134576	-3.814854909
136.09	50.57	6.573164951	16.53037043	6.573164951	13.53037043	-1.545057308
269.67	35.62	7.565445356	18.1697117	7.565445356	15.1697117	-1.536381666
151.6	35.83	5.044899857	20.23267234	5.044899857	17.23267234	-5.29470355
101.74	46.38	7.900017875	15.38862058	7.900017875	12.38862058	0.466845525
112.03	59.18	6.958243222	12.63373294	6.958243222	9.633732945	1.178003455
227.47	85.58	4.079832239	11.33420677	4.079832239	8.334206769	-0.920691822
150.9	65.01	4.876722635	15.47346322	4.876722635	12.47346322	-2.607355299
158.56	36.01	4.594548785	20.45919264	4.594548785	17.45919264	-5.8809668
42.81	74.87	4.842170251	12.70580934	4.842170251	9.705809345	-0.981315356
75.86	12.09	3.199737752	22.90990045	3.199737752	19.90990045	-8.746202516
263.39	5.44	1.500643749	23.44732856	1.500643749	20.44732856	-10.76775339
146.31	7.58	1.450232225	23.40819327	1.450232225	20.40819327	-10.79468374
217.99	14.75	2.886487275	22.8758434	2.886487275	19.8758434	-9.039018763
142.12	29.18	5.049663834	20.97464701	5.049663834	17.97464701	-5.735124372
45.46	27.16	5.222344736	21.07930582	5.222344736	18.07930582	-5.625238753
158.73	1.05	0.172892783	23.58696385	0.172892783	20.58696385	-12.17928553
64.17	48.59	7.549965392	15.45454161	7.549965392	12.45454161	0.077240428
83.53	8.58	2.346211017	23.23657984	2.346211017	20.23657984	-9.795736886
133.42	13.19	2.860216566	22.95451627	2.860216566	19.95451627	-9.112493194
122.22	56.8	6.967512169	13.99154078	6.967512169	10.99154078	0.372587699
171.43	77.34	2.090414831	15.81488092	2.090414831	12.81488092	-5.598513723
48.46	87.68	3.994598883	11.14409723	3.994598883	8.144097229	-0.891859455
119.88	51.38	7.33900482	15.04577312	7.33900482	12.04577312	0.111540945
0.65	89.72	0.098689631	15.59916256	0.098689631	12.59916256	-7.460807908
14.56	49.82	4.443135654	18.63125042	4.443135654	15.63125042	-4.935614601
132.15	46.39	6.820666439	17.09884366	6.820666439	14.09884366	-1.638639756
5.5	29.76	3.495085449	21.60332985	3.495085449	18.60332985	-7.666912459
206.78	38.7	5.102613394	19.83237795	5.102613394	16.83237795	-4.996813374
263.76	44.26	7.962980018	15.85234463	7.962980018	12.85234463	0.251573242
172.89	6.39	0.903888195	23.48951416	0.903888195	20.48951416	-11.3898203
33.8	79.9	4.060269741	13.44913834	4.060269741	10.44913834	-2.209213261
120.26	5.82	1.450901824	23.44654609	1.450901824	20.44654609	-10.81702583
128.8	39.26	6.760066448	18.4465976	6.760066448	15.4465976	-2.507892111
236.27	74.4	4.988662958	11.05108034	4.988662958	8.051080343	0.158014752
226.68	35.51	6.224512588	19.46749324	6.224512588	16.46749324	-3.655983358
204.39	55.21	5.029467883	17.28221922	5.029467883	14.28221922	-3.539863647
3.86	73.68	2.22493455	16.19755609	2.22493455	13.19755609	-5.693599104
123.97	79.76	4.34062862	10.5307461	4.34062862	7.5307461	-0.177819041
98.1	83.8	2.028144565	7.953165022	2.028144565	4.953165022	-0.943754448
63.09	17.17	4.156047501	22.3400111	4.156047501	19.3400111	-7.447959161
22.58	23.27	3.510485757	22.15909399	3.510485757	19.15909399	-7.984970636
148.13	80.81	3.886286783	13.63318397	3.886286783	10.63318397	-2.493623599
154.36	53.4	5.184471106	17.47607874	5.184471106	14.47607874	-3.501176136
62.24	45.35	7.498191974	16.37965261	7.498191974	13.37965261	-0.529599593
123.92	55.15	7.01780405	14.50364531	7.01780405	11.50364531	0.115616866
125.47	73.75	5.088049929	11.34103281	5.088049929	8.341032805	0.083430246
79.53	47.87	7.890050021	14.94600375	7.890050021	11.94600375	0.722447773
160.54	18.19	2.746694138	22.72496033	2.746694138	19.72496033	-9.088282058
161.96	40.85	4.597465044	19.84388066	4.597465044	16.84388066	-5.50886335
139.87	38.51	6.030883861	19.20550976	6.030883861	16.20550976	-3.692421993
102.1	86.94	1.835293076	8.005616381	1.835293076	5.005616381	-1.168076753
114.77	55.8	7.228160644	13.61813448	7.228160644	10.61813448	0.857279954
25.06	62.59	4.715713298	16.16360595	4.715713298	13.16360595	-3.182450272
101.11	64.81	6.193132698	10.74776421	6.193132698	7.747764215	1.544474169
145.6	31.22	5.055288681	20.75822579	5.055288681	17.75822579	-5.599646792
56.74	46.53	7.281629232	16.43926399	7.281629232	13.43926399	-0.781929161
205.19	50.1	5.209737795	18.03568034	5.209737795	15.03568034	-3.811670407
168.61	14.08	1.994730596	23.09868186	1.994730596	20.09868186	-10.06447852
258.71	50.59	7.778974508	14.23361198	7.778974508	11.23361198	1.03880732
101.28	62.53	6.557654949	11.25092844	6.557654949	8.250928441	1.607097885
27.05	38.38	5.105082857	19.87298549	5.105082857	16.87298549	-5.018708439
128.03	75.26	4.920378241	11.48074894	4.920378241	8.480748938	-0.168071122
129.95	65.82	5.945017259	13.03274678	5.945017259	10.03274678	-0.074630807
190.37	32.4	3.808121513	21.22165888	3.808121513	18.22165888	-7.124873818
62.44	40.88	7.379720834	17.47776781	7.379720834	14.47776781	-1.30693985
122.7	34.78	6.721697773	19.14910674	6.721697773	16.14910674	-2.967766271
5.93	69.8	2.72796521	16.47754031	2.72796521	13.47754031	-5.358558978
145.32	66.08	5.200642769	14.75202358	5.200642769	11.75202358	-1.850571379
11.16	38.73	4.155653799	20.34523467	4.155653799	17.34523467	-6.251487003
68.43	62.44	6.573976202	11.87957411	6.573976202	8.879574107	1.246231738
99.77	85.07	1.894917582	7.956399293	1.894917582	4.956399293	-1.078921994
74.67	70.58	5.203490921	9.873315062	5.203490921	6.873315062	1.079501884
225.13	63.5	5.979605991	13.97660408	5.979605991	10.97660408	-0.606356459
96.5	9.84	2.677931786	23.12627981	2.677931786	20.12627981	-9.397836097
249.7	35.09	7.220687015	18.6269536	7.220687015	15.6269536	-2.155485146
139.58	53.18	6.293961399	16.31713624	6.293961399	13.31713624	-1.696320344
254.77	41.34	7.767495874	16.8585753	7.767495874	13.8585753	-0.547649306
176.65	4.53	0.632308061	23.53998811	0.632308061	20.53998811	-11.69168481
153.4	20.58	3.35082982	22.40479874	3.35082982	19.40479874	-8.292049425
14.06	75.08	2.782449761	15.68936385	2.782449761	12.68936385	-4.831168548
151.85	1.41	0.253831117	23.58408536	0.253831117	20.58408536	-12.0966201
160.25	77.73	3.095708333	15.08970844	3.095708333	12.08970844	-4.158116732
114.48	7.03	1.812343552	23.3711848	1.812343552	20.3711848	-10.41036733
1.72	60.21	3.454409858	17.56677094	3.454409858	14.56677094	-5.285652709
170.65	45.02	4.199347673	19.48668988	4.199347673	16.48668988	-5.692666254
150.42	19.62	3.347316527	22.46961918	3.347316527	19.46961918	-8.33445498
213.98	51.45	5.874117822	17.17658461	5.874117822	14.17658461	-2.631832945
34.01	11	2.088053028	23.20808879	2.088053028	20.20808879	-10.03680025
190.99	60.4	3.786459455	17.32985651	3.786459455	14.32985651	-4.811454452
153.12	53.96	5.26767967	17.29787222	5.26767967	14.29787222	-3.311043665
92.42	5.04	1.397501374	23.46677898	1.397501374	20.46677898	-10.88256601
126.78	5.07	1.203161948	23.48757029	1.203161948	20.48757029	-11.08938022
49.24	13.73	3.047062036	22.88165571	3.047062036	19.88165571	-8.881931391
239.76	1.77	0.443960942	23.57668796	0.443960942	20.57668796	-11.90205184
90.41	39.17	7.825002496	17.21497114	7.825002496	14.21497114	-0.703980189
76.48	74.9	4.284535918	9.101505006	4.284535918	6.101505006	0.623632914
62.77	55.57	7.190767872	13.85648288	7.190767872	10.85648288	0.676878142
75.93	46.81	7.85940421	15.34653675	7.85940421	12.34653675	0.451482162
187.26	77.75	1.947072344	15.8378496	1.947072344	12.8378496	-5.755637418
26.09	8.79	1.518618444	23.36733161	1.518618444	20.36733161	-10.70178052
192.51	81.72	2.053453238	15.39859038	2.053453238	12.39859038	-5.385700987
79.69	9.72	2.627397741	23.14178968	2.627397741	20.14178968	-9.457676069
102.87	46.53	7.881909973	15.38226459	7.881909973	12.38226459	0.45255122
153.31	12.88	2.20554219	23.11289002	2.20554219	20.11289002	-9.862191823
169.83	50.34	4.186963135	18.70699881	4.186963135	15.70699881	-5.237236149
80.45	0.41	0.113160148	23.589193	0.113160148	20.589193	-12.24035565
144.98	69	4.991666325	14.3328109	4.991666325	11.3328109	-1.808020217
32.8	76.38	4.253994354	13.8284237	4.253994354	10.8284237	-2.243059867
128.66	82.51	4.206673365	10.94662398	4.206673365	7.946623977	-0.561301021
159.03	88.83	2.675843671	14.58041925	2.675843671	11.58041925	-4.272407879
175.83	45.46	4.036790576	19.50939173	4.036790576	16.50939173	-5.868844459
177.43	24.43	3.018332736	22.2205673	3.018332736	19.2205673	-8.514007644
240.27	9.07	2.24813252	23.24171703	2.24813252	20.24171703	-9.896897699
6.86	45.71	4.107141614	19.43759104	4.107141614	16.43759104	-5.75541301
185.58	52.7	3.936329618	18.48630112	3.936329618	15.48630112	-5.355451051
157.92	68.66	4.034098049	15.67857916	4.034098049	12.67857916	-3.573049446
13.5	7.47	1.111370286	23.4475948	1.111370286	20.4475948	-11.15718659
122.8	59.54	6.733171423	13.45872642	6.733171423	10.45872642	0.457935569
117.44	46.53	7.515429817	16.06712363	7.515429817	13.06712363	-0.324844358
156.01	15.39	2.509195071	22.93423466	2.509195071	19.93423466	-9.451345727
106.77	84.47	2.64289103	8.417388825	2.64289103	5.417388825	-0.607542265
63.26	53.14	7.356354506	14.39565806	7.356354506	11.39565806	0.518959671
142	39.66	5.952324361	19.10173511	5.952324361	16.10173511	-3.708716707
143.14	84.77	3.944151903	12.81520346	3.944151903	9.815203461	-1.944970173
154.45	59.03	4.958744744	16.62305267	4.958744744	13.62305267	-3.215086859
138.88	40.68	6.218424412	18.72691965	6.218424412	15.72691965	-3.217727376
250.26	75.57	4.390430341	9.457215613	4.390430341	6.457215613	0.516100974
165.22	47.94	4.478404712	18.89910016	4.478404712	15.89910016	-5.061055385
165.34	49.85	4.448931161	18.62288841	4.448931161	15.62288841	-4.924801883
175.04	61.21	3.450675475	17.40731974	3.450675475	14.40731974	-5.193716367
132.98	33.05	6.013780766	19.94159675	6.013780766	16.94159675	-4.151177282
128.63	21.54	4.620909513	21.85566713	4.620909513	18.85566713	-6.692490762
72.05	52.1	7.606052985	14.11251569	7.606052985	11.11251569	0.93854357
75.14	78.02	3.687932214	8.801371268	3.687932214	5.801371268	0.207109453
148.3	36.61	5.325655158	19.96370843	5.325655158	16.96370843	-4.852569897
187.3	10.14	1.418181761	23.33835146	1.418181761	20.33835146	-10.78482912
36.08	39.95	5.832915848	19.15302272	5.832915848	16.15302272	-3.858897786
148.32	27.02	4.433030227	21.48612196	4.433030227	18.48612196	-6.65864295
59.82	36.12	6.955667938	18.73886202	6.955667938	15.73886202	-2.487649276
213.09	75	4.380088995	13.91320212	4.380088995	10.91320212	-2.167832276
209.85	36.33	5.17840663	20.09094246	5.17840663	17.09094246	-5.076158844
2.32	35.12	3.770510068	20.94130025	3.770510068	17.94130025	-6.994270081
130.85	32.44	6.069309187	19.97546731	6.069309187	16.97546731	-4.115971198
119.61	12.62	3.083715524	22.92030302	3.083715524	19.92030302	-8.868466291
104.67	23.41	5.692902839	21.14838989	5.692902839	18.14838989	-5.196131097
223.18	7.81	1.669711582	23.37337229	1.669711582	20.37337229	-10.55431179
5.32	38.65	3.957668913	20.44649226	3.957668913	17.44649226	-6.510226446
24.51	23.16	3.588193273	22.14136003	3.588193273	19.14136003	-7.896622745
132.92	26.78	5.253669187	21.09809592	5.253669187	18.09809592	-5.605188362
248.34	38.24	7.435532116	17.88495464	7.435532116	14.88495464	-1.495440669
142.4	10.73	2.130708002	23.20993339	2.130708002	20.20993339	-9.995252034
82.61	44.56	7.955178685	15.78778999	7.955178685	12.78778999	0.282504692
140.15	63.58	5.70622484	14.55066884	5.70622484	11.55066884	-1.224176463
106.1	21.92	5.380463097	21.44863387	5.380463097	18.44863387	-5.688717226
143.03	70.66	4.967957448	13.90344261	4.967957448	10.90344261	-1.574108118
105.8	6.67	1.791762811	23.38240546	1.791762811	20.38240546	-10.43768047
169.58	35.45	3.984753178	20.81431542	3.984753178	17.81431542	-6.703836075
98.1	0.31	0.085812348	23.58953685	0.085812348	20.58953685	-12.26790976
267.73	19.86	5.103026177	21.74716722	5.103026177	18.74716722	-6.145274152
168.72	0.12	0.017668482	23.58996361	0.017668482	20.58996361	-12.33630968
128.09	17.03	3.797346878	22.48014186	3.797346878	19.48014186	-7.890738235
129.49	12.82	2.892250989	22.96232435	2.892250989	19.96232435	-9.085143619
112.89	24.13	5.633853922	21.12137819	5.633853922	18.12137819	-5.238972989
55.65	15.74	3.650607611	22.60124766	3.650607611	19.60124766	-8.110140987
71.41	12.48	3.242579892	22.88167513	3.242579892	19.88167513	-8.686425183
41.69	53.9	6.354631812	16.06629585	6.354631812	13.06629585	-1.485145701
184.86	81.1	1.398925584	15.73526592	1.398925584	12.73526592	-6.242233968
136.04	84.54	4.12945501	11.85719358	4.12945501	8.857193579	-1.184861137
187.91	19.91	2.633012605	22.64585138	2.633012605	19.64585138	-9.154498221
245.83	43.44	7.592043338	16.66816614	7.592043338	13.66816614	-0.608856346
260.19	33.84	7.322286588	18.70636463	7.322286588	15.70636463	-2.101532189
159.13	47.14	4.894505625	18.75199323	4.894505625	15.75199323	-4.556690312
139.99	23.84	4.467498003	21.7451801	4.467498003	18.7451801	-6.779610054
160.66	6.15	0.981545447	23.48823949	0.981545447	20.48823949	-11.31139825
123.78	39.27	7.020773571	18.17712714	7.020773571	15.17712714	-2.085502715
99.15	15.65	4.112420134	22.441829	4.112420134	19.441829	-7.552677267
100.92	2.35	0.645822909	23.56361481	0.645822909	20.56361481	-11.69234598
220.01	85.92	4.005570419	12.35451695	4.005570419	9.354516949	-1.60713975
84.55	38.75	7.77980458	17.35759005	7.77980458	14.35759005	-0.83474945
51.64	86.54	3.958151973	10.73430429	3.958151973	7.734304295	-0.682430604
151.72	68.62	4.546044538	15.10670611	4.546044538	12.10670611	-2.717979127
176.85	0.66	0.09244596	23.58893664	0.09244596	20.58893664	-12.26091603
97.22	61.2	6.749595435	11.41565828	6.749595435	8.41565828	1.700200467
35.18	63.54	5.419202681	15.06061645	5.419202681	12.06061645	-1.817167191
144	58.06	5.804202866	15.84829862	5.804202866	12.84829862	-1.904776308
120.99	49.71	7.347589702	15.52473472	7.347589702	12.52473472	-0.16725113
4.37	19.63	2.551040753	22.68302191	2.551040753	19.68302191	-9.258772393
106	69.51	5.416814121	10.10070689	5.416814121	7.100706889	1.156389987
181.78	20.52	2.627030435	22.60728702	2.627030435	19.60728702	-9.137341777
177.4	33.38	3.683790318	21.16638397	3.683790318	18.16638397	-7.216040064
69.26	80.18	3.624112355	9.047685399	3.624112355	6.047685399	-0.004498884
157.61	77.07	3.391699286	14.89881066	3.391699286	11.89881066	-3.747587109
39.32	36.22	5.818242147	19.68021022	5.818242147	16.68021022	-4.189883985
175.08	28.62	3.400049191	21.74329499	3.400049191	18.74329499	-7.845927804
52.09	54.78	6.878757373	14.93809943	6.878757373	11.93809943	-0.284102288
156.03	81.92	3.20964101	14.46518624	3.20964101	11.46518624	-3.669470733
163.46	81.82	2.477535096	15.12731119	2.477535096	12.12731119	-4.798851615
69.23	53.24	7.487148998	13.97829406	7.487148998	10.97829406	0.900172562
97.05	29.93	6.874887118	19.64185876	6.874887118	16.64185876	-3.110228136
29.11	76.78	3.971041793	14.22577365	3.971041793	11.22577365	-2.764422397
62.75	39.82	7.337647142	17.72378912	7.337647142	14.72378912	-1.49662633
7.3	81.39	1.560651192	15.65296493	1.560651192	12.65296493	-6.031127767
160.94	2.99	0.478215042	23.56594219	0.478215042	20.56594219	-11.86135027
205.82	47.92	5.268919128	18.35354303	5.268919128	15.35354303	-3.943206691
64.77	64.48	6.295663999	11.75832762	6.295663999	8.758327625	1.040667425
229.6	16.14	3.544677536	22.61449093	3.544677536	19.61449093	-8.224017023
50.83	30.29	5.91053414	20.33566254	5.91053414	17.33566254	-4.490863387
186.88	16.89	2.269967094	22.90588047	2.269967094	19.90588047	-9.67356119
52.84	28.97	5.841174825	20.52506596	5.841174825	17.52506596	-4.673864749
201.07	36.35	4.590910553	20.42022019	4.590910553	17.42022019	-5.861221561
181.83	49.37	3.957372709	18.98326312	3.957372709	15.98326312	-5.632585165
45.86	4.39	0.973103457	23.51907565	0.973103457	20.51907565	-11.33834194
167.77	49.75	4.306255953	18.72677148	4.306255953	15.72677148	-5.129806934
194.55	24.73	3.32839375	22.10341077	3.32839375	19.10341077	-8.133652711
251.75	21.74	5.301904467	21.50516379	5.301904467	18.50516379	-5.80119381
27.92	21.88	3.58708071	22.23707688	3.58708071	19.23707688	-7.955165421
151.66	13.87	2.414984854	23.02738414	2.414984854	20.02738414	-9.601445632
67.91	86.08	2.95655483	8.809372804	2.95655483	5.809372804	-0.529068852
210.06	84.21	3.589307871	13.69696917	3.589307871	10.69696917	-2.828873633
186.79	73.68	2.363057408	16.12803713	2.363057408	13.12803713	-5.51376487
150.21	65.54	4.891974278	15.33576487	4.891974278	12.33576487	-2.509484642
220.31	15.82	3.161009837	22.74767059	3.161009837	19.74767059	-8.687592515
266.35	32.43	7.223600789	19.00371636	7.223600789	16.00371636	-2.378629025
95.19	16.99	4.452338913	22.23115183	4.452338913	19.23115183	-7.086352187
228.34	0.11	0.025086265	23.58995411	0.025086265	20.58995411	-12.3288862
121.69	28.48	6.01968446	20.457723	6.01968446	17.457723	-4.45494934
145.71	62.97	5.397385388	15.23793168	5.397385388	12.23793168	-1.945373622
161.95	56.27	4.492964788	17.53304129	4.492964788	14.53304129	-4.226859988
56.5	48.88	7.260281162	15.90249989	7.260281162	12.90249989	-0.481218771
179.53	39.51	3.922351981	20.35569538	3.922351981	17.35569538	-6.491065245
207.21	25.87	4.049077923	21.75078051	4.049077923	18.75078051	-7.201390383
194.39	45.15	4.455475974	19.32604879	4.455475974	16.32604879	-5.340153299
24.67	68.54	4.261404233	15.46377174	4.261404233	12.46377174	-3.216858812
102.26	68.62	5.522529794	10.04611216	5.522529794	7.046112163	1.294862496
122.38	51.85	7.231294449	15.12476344	7.231294449	12.12476344	-0.043563613
130.21	67.29	5.787977799	12.82556818	5.787977799	9.825568182	-0.107363111
139.07	58.1	6.125213424	15.35947836	6.125213424	12.35947836	-1.29047359
154.31	11.09	1.889527668	23.23882556	1.889527668	20.23882556	-10.25376767
88.26	45.4	7.987404694	15.4921769	7.987404694	12.4921769	0.492098554
158.3	31.25	4.272358311	21.14571051	4.272358311	18.14571051	-6.615067997
88.2	8.29	2.279139365	23.25795758	2.279139365	20.25795758	-9.875635184
143.14	13.31	2.589319309	23.01413953	2.589319309	20.01413953	-9.419164411
109.79	17.84	4.461798706	22.17613861	4.461798706	19.17613861	-7.043884462
216.26	60.5	5.688996262	15.42014932	5.688996262	12.42014932	-1.763093329
111.8	38.84	7.470280989	17.73824385	7.470280989	14.73824385	-1.372665323
244.66	62.5	6.547156515	12.16863953	6.547156515	9.168639527	1.045972799
160.8	23.11	3.341453466	22.22598002	3.341453466	19.22598002	-8.194134544
119.8	0.88	0.221506766	23.58669616	0.221506766	20.58669616	-12.13051093
203.54	47.91	5.094162497	18.488024	5.094162497	15.488024	-4.198651904
226.45	25.15	4.985597611	21.38881024	4.985597611	18.38881024	-6.047688532
266.01	85.16	1.449696923	7.76216967	1.449696923	4.76216967	-1.407604879
90.19	81.58	2.314839153	7.952717298	2.314839153	4.952717298	-0.656791226
221.56	35.34	5.894046199	19.74019803	5.894046199	16.74019803	-4.150072621
130.52	2.24	0.515974275	23.57074036	0.515974275	20.57074036	-11.82646994
266.38	60.43	6.85912244	11.52568808	6.85912244	8.525688081	1.743709591
99.96	75.35	4.070576206	8.855901094	4.070576206	5.855901094	0.557035549
82.63	87.43	1.238998732	7.773339351	1.238998732	4.773339351	-1.625004879
198.49	5.12	0.810515816	23.51996653	0.810515816	20.51996653	-11.5014641
172.02	40.53	4.08537758	20.15079261	4.08537758	17.15079261	-6.205097985
89.31	52.42	7.723308455	13.55432363	7.723308455	10.55432363	1.390714278
234.31	61.8	6.452161414	13.29057594	6.452161414	10.29057594	0.277815851
116.88	64.75	6.255470832	11.85382218	6.255470832	8.853822176	0.943177527
214.26	58.5	5.658716241	15.94046498	5.658716241	12.94046498	-2.105562748
175.91	65.42	3.081412877	16.94886141	3.081412877	13.94886141	-5.28790397
120.96	33.65	6.687286763	19.33265172	6.687286763	16.33265172	-3.112304268
178.82	52.34	3.868420007	18.58046235	3.868420007	15.58046235	-5.479857406
149.91	10.45	1.890960441	23.2610757	1.890960441	20.2610757	-10.26568498
120.05	5.19	1.297498694	23.4756336	1.297498694	20.4756336	-10.98788147
135.35	88.18	4.01062471	11.66584666	4.01062471	8.665846663	-1.188883288
147.94	25.63	4.285989036	21.67380081	4.285989036	18.67380081	-6.918291451
172.71	53.55	3.963307093	18.33706938	3.963307093	15.33706938	-5.238934534
230.67	86.59	3.982915995	10.8646418	3.982915995	7.864641798	-0.735869084
263.63	16.72	4.383231686	22.27550274	4.383231686	19.27550274	-7.18206996
186.85	17.37	2.326163379	22.86774664	2.326163379	19.86774664	-9.594484603
119.32	30.75	6.42129509	19.91336671	6.42129509	16.91336671	-3.726724934
244.19	83.96	3.462685652	9.284765952	3.462685652	6.284765952	-0.308173919
118.83	35.16	6.92689843	18.90687762	6.92689843	15.90687762	-2.61722814
96.11	24.59	6.022605103	20.83861555	6.022605103	17.83861555	-4.680564227
133.51	13.68	2.956366648	22.90804123	2.956366648	19.90804123	-8.988458087
220.58	35.74	5.863496058	19.71039521	5.863496058	16.71039521	-4.16274107
84.35	33.73	7.356749424	18.68667224	7.356749424	15.68667224	-2.055253921
214.15	11.8	2.236179371	23.15057556	2.236179371	20.15057556	-9.854165968
165.39	39.15	4.339246841	20.20250098	4.339246841	17.20250098	-5.982253746
108.82	8.24	2.176932583	23.27884096	2.176932583	20.27884096	-9.990371991
136.76	55.32	6.397369299	15.65104393	6.397369299	12.65104393	-1.193257057
101.52	0.99	0.271899784	23.58532469	0.271899784	20.58532469	-12.07929503
131.3	51.59	6.831246543	15.91521459	6.831246543	12.91521459	-0.91788221
40.47	71.08	5.104950354	13.4280087	5.104950354	10.4280087	-1.151854864
107.83	21.18	5.199726263	21.60180329	5.199726263	18.60180329	-5.961355709
86.25	40.32	7.873991806	16.91378055	7.873991806	13.91378055	-0.474276525
159.3	51.24	4.847505989	18.12466572	4.847505989	15.12466572	-4.227293443
134.31	5.53	1.221053138	23.4778068	1.221053138	20.4778068	-11.06563094
163.98	44.67	4.549863046	19.34025954	4.549863046	16.34025954	-5.254292678
142.75	57.81	5.90257112	15.77096767	5.90257112	12.77096767	-1.760009484
158.07	19.91	3.063775102	22.53415535	3.063775102	19.53415535	-8.656718107
105.35	75.34	4.260056904	9.157560602	4.260056904	6.157560602	0.565520542
138.67	87.4	3.992193307	12.13900188	3.992193307	9.139001878	-1.49120782
11.47	76.17	2.450083941	15.75866012	2.450083941	12.75866012	-5.205112132
103.89	45.54	7.871396652	15.68396476	7.871396652	12.68396476	0.261017799
160.26	25.1	3.585173641	21.98822311	3.585173641	18.98822311	-7.807760226
89.68	67.2	5.708695895	10.00990171	5.708695895	7.009901711	1.502754869
102.89	21.32	5.315343828	21.53019912	5.315343828	18.53019912	-5.802775646
70.27	86.16	2.726065726	8.588173498	2.726065726	5.588173498	-0.626838373
134.62	55.82	6.497875068	15.35135864	6.497875068	12.35135864	-0.912940115
86.53	54.02	7.593354294	13.14481723	7.593354294	10.14481723	1.506463956
217.08	15.53	2.992903225	22.80900998	2.992903225	19.80900998	-8.892502761
224.61	8.13	1.76321323	23.35139366	1.76321323	20.35139366	-10.44762297
7.31	22.97	2.94375291	22.35346824	2.94375291	19.35346824	-8.668328034
165.05	77.27	2.669895463	15.48204463	2.669895463	12.48204463	-4.819331317
113.39	82	3.525249212	9.154346985	3.525249212	6.154346985	-0.167358979
140.51	62.97	5.730280457	14.68620878	5.730280457	11.68620878	-1.28144481
60.13	65.27	6.173714643	12.04165076	6.173714643	9.041650763	0.748724185
164.15	20.69	2.933211879	22.51821643	2.933211879	19.51821643	-8.777717977
251.26	51.84	7.60673993	14.22024626	7.60673993	11.22024626	0.874592173
119.55	72.96	5.119379552	10.75875349	5.119379552	7.758753493	0.464127456
128.06	36.35	6.592659757	19.04283598	6.592659757	16.04283598	-3.033041829
141.13	88.96	3.908475878	12.45700001	3.908475878	9.457000013	-1.765724129
149.93	8.1	1.47737642	23.39154864	1.47737642	20.39154864	-10.75755276
133.55	28.88	5.50252184	20.74715285	5.50252184	17.74715285	-5.145769868
116.54	46.03	7.54636215	16.13906492	7.54636215	13.13906492	-0.337076802
108.75	5.45	1.451317455	23.45329714	1.451317455	20.45329714	-10.82066083
245.23	65.31	6.183471559	11.55605107	6.183471559	8.556051069	1.049840918
172.32	50.09	4.083814489	18.804959	4.083814489	15.804959	-5.399160911
175.62	47.64	4.026428844	19.20192291	4.026428844	16.20192291	-5.694724903
112.83	74.7	4.662749538	9.841754508	4.662749538	6.841754508	0.557696834
219.76	77.29	4.530296986	12.87664494	4.530296986	9.876644943	-1.395689979
246.39	71.01	5.304820884	10.44802183	5.304820884	7.448021825	0.836007789
264.38	28.6	6.694308365	19.94580733	6.694308365	16.94580733	-3.47317603
219.22	40.7	6.089970348	18.8340205	6.089970348	15.8340205	-3.410441955
192.8	67.7	3.348232162	16.41474557	3.348232162	13.41474557	-4.700615178
94.82	9.89	2.696795508	23.12024582	2.696795508	20.12024582	-9.375351984
153.94	9.88	1.699712023	23.30936282	1.699712023	20.30936282	-10.48590567
53.49	24.29	5.175522181	21.36456064	5.175522181	18.36456064	-5.843214206
138.22	47.22	6.447113654	17.37497954	6.447113654	14.37497954	-2.177874068
101.12	87.54	1.653595391	7.936093994	1.653595391	4.936093994	-1.308061006
248.09	63.94	6.371931495	11.59188209	6.371931495	8.591882091	1.21680224
18.47	28.07	3.821240639	21.64331396	3.821240639	18.64331396	-7.364747738
16.39	26.23	3.551067979	21.90494083	3.551067979	18.90494083	-7.791896517
29.86	76.53	4.044487873	14.16038211	4.044487873	11.16038211	-2.651741392
78.14	82.05	2.669160346	8.246719685	2.669160346	5.246719685	-0.478871465
143.35	57.53	5.874917399	15.87640535	5.874917399	12.87640535	-1.850925813
99.08	22.98	5.692917881	21.1846618	5.692917881	18.1846618	-5.217879197
213.19	7.98	1.515407005	23.38986229	1.515407005	20.38986229	-10.71851037
111.25	75.44	4.474584208	9.603161804	4.474584208	6.603161804	0.512687125
217.48	52.62	6.106957226	16.67688422	6.106957226	13.67688422	-2.099173304
35.24	85.33	3.851107886	13.01046906	3.851107886	10.01046906	-2.155173547
70.57	5.49	1.457487308	23.4518258	1.457487308	20.4518258	-10.81360817
109.53	52.62	7.548142003	14.06355412	7.548142003	11.06355412	0.91000953
153.76	25.66	3.972799716	21.79887793	3.972799716	18.79887793	-7.306527042
148.61	74.5	4.308346489	14.15776895	4.308346489	11.15776895	-2.386314884
29.1	17.19	2.964459325	22.72705111	2.964459325	19.72705111	-8.871771341
233.46	39.83	6.914931488	18.19608842	6.914931488	15.19608842	-2.202721566
132.54	35.41	6.261844278	19.45122615	6.261844278	16.45122615	-3.608891409
265.83	74.39	4.168004741	8.806273714	4.168004741	5.806273714	0.684240512
104.39	60.92	6.789459453	11.76179335	6.789459453	8.761793352	1.532383442
164.49	18.68	2.679984198	22.71177164	2.679984198	19.71177164	-9.147078784
269.82	28.63	6.720633607	19.92123122	6.720633607	16.92123122	-3.432105126
13.63	12.04	1.762353633	23.22303579	1.762353633	20.22303579	-10.37146784
59.23	60.43	6.698343811	13.0835267	6.698343811	10.0835267	0.648227788
77.34	51.39	7.721222796	14.06688886	7.721222796	11.06688886	1.081089478
185.02	15.28	2.054985367	23.03083438	2.054985367	20.03083438	-9.963515259
204.55	13.29	2.208082702	23.09488104	2.208082702	20.09488104	-9.84884592
126.08	42.85	7.075482949	17.48073957	7.075482949	14.48073957	-1.612960791
154.12	81.73	3.387510798	14.27453572	3.387510798	11.27453572	-3.377210636
39.47	49.7	6.290207143	17.06454882	6.290207143	14.06454882	-2.148522149
110.41	2.96	0.785635499	23.54997947	0.785635499	20.54997947	-11.54435219
97.88	4.85	1.336730025	23.47684425	1.336730025	20.47684425	-10.94937652
30.91	72.46	4.437937128	14.40879543	4.437937128	11.40879543	-2.40734013
153.24	40.62	5.188940698	19.51686476	5.188940698	16.51686476	-4.721178158
165.22	34.44	4.122709893	20.8681749	4.122709893	17.8681749	-6.598195048
235.86	71.07	5.421602256	11.54350673	5.421602256	8.543506728	0.295498219
153.14	32.79	4.714629871	20.76825874	4.714629871	17.76825874	-5.946325373
78.65	47.91	7.878394809	14.96020583	7.878394809	11.96020583	0.702271309
238.37	64.05	6.300811689	12.44658486	6.300811689	9.446584864	0.632860771
127.44	78.43	4.563745466	11.08696887	4.563745466	8.086968873	-0.288435857
178.4	29.58	3.434554704	21.64148851	3.434554704	18.64148851	-7.750338399
175.06	58.51	3.63266561	17.73698279	3.63266561	14.73698279	-5.209524062
112.27	87.74	2.860289669	8.780585366	2.860289669	5.780585366	-0.608061551
156.31	6.84	1.151839044	23.45837331	1.151839044	20.45837331	-11.12318494
125	52.83	7.089873942	15.11235843	7.089873942	12.11235843	-0.177541119
17.98	37.25	4.449210195	20.38367748	4.449210195	17.38367748	-5.980996293
138.28	27.82	5.106256992	21.07901876	5.106256992	18.07901876	-5.741154262
166.54	23.75	3.189312545	22.22376438	3.189312545	19.22376438	-8.344946082
232.18	68.29	5.728445279	12.38970006	5.728445279	9.389700062	0.094625242
115.72	89.57	3.125713832	9.115596591	3.125713832	6.115596591	-0.543644122
177.3	16.79	2.217202168	22.92181243	2.217202168	19.92181243	-9.735885291
109.35	70.3	5.338927656	10.20336243	5.338927656	7.203362429	1.016910198
69.02	17.62	4.38985198	22.21962355	4.38985198	19.21962355	-7.141922147
94.78	89.31	0.690599116	7.667791063	0.690599116	4.667791063	-2.110075522
232.99	72.2	5.27982731	11.72794177	5.27982731	8.727941775	0.043062245
160.8	38.18	4.567478987	20.20692259	4.567478987	17.20692259	-5.756674566
123.61	65.6	6.096557096	12.36744054	6.096557096	9.367440539	0.476092772
20.65	44.85	4.861488716	19.12166927	4.861488716	16.12166927	-4.811512846
74.18	72.81	4.783281997	9.547714566	4.783281997	6.547714566	0.854653257
126.6	32.09	6.253231233	19.88162265	6.253231233	16.88162265	-3.875742355
268.34	6.59	1.821237152	23.37962015	1.821237152	20.37962015	-10.40653494
29.55	53.19	5.498975877	17.22265621	5.498975877	14.22265621	-3.034617849
17.04	81.92	2.523898317	15.08528706	2.523898317	12.08528706	-4.727273918
112.34	17.44	4.321880951	22.2582997	4.321880951	19.2582997	-7.23309887
17.37	38.91	4.487052804	20.15694109	4.487052804	17.15694109	-5.807111847
106.69	67.42	5.798653472	10.52786921	5.798653472	7.527869212	1.281931945
91.95	3.53	0.981614308	23.52945478	0.981614308	20.52945478	-11.33605856
184.11	85.17	0.882018022	15.61589356	0.882018022	12.61589356	-6.687518113
137.19	68.73	5.419307285	13.4471445	5.419307285	10.4471445	-0.848979415
122.36	50.29	7.280388261	15.48758986	7.280388261	12.48758986	-0.212165653
119.11	16.55	3.966780035	22.44680925	3.966780035	19.44680925	-7.701305514
189.81	44.82	4.21823697	19.50485559	4.21823697	16.50485559	-5.684676386
235.85	46.61	7.241570658	16.48084654	7.241570658	13.48084654	-0.846937267
102.16	89.48	1.651302928	7.965805009	1.651302928	4.965805009	-1.328180077
129.3	76.94	4.739293481	11.46767072	4.739293481	8.467670721	-0.341308951
207.29	86.62	3.29941718	13.95397685	3.29941718	10.95397685	-3.272968932
31.72	61.1	5.329753861	15.77332988	5.329753861	12.77332988	-2.334244069
15.83	36.32	4.280875729	20.57843235	4.280875729	17.57843235	-6.266183679
178.67	84.15	0.831290636	15.67874505	0.831290636	12.67874505	-6.775956394
93.72	43.15	7.964425673	16.13134485	7.964425673	13.13134485	0.085618763
107.44	20.86	5.143206666	21.65478503	5.143206666	18.65478503	-6.049664355
150.45	35.67	5.112581074	20.21240287	5.112581074	17.21240287	-5.214860647
127.25	63.46	6.251793599	13.1433421	6.251793599	10.1433421	0.16578834
99.4	50.27	7.813408221	14.26451558	7.813408221	11.26451558	1.05469887
172.7	68.1	2.961035669	16.60051275	2.961035669	13.60051275	-5.199271981
164.61	89.59	2.04527678	15.03769658	2.04527678	12.03769658	-5.177341166
191.3	86.62	1.60850115	15.32206471	1.60850115	12.32206471	-5.784737675
13.67	48.16	4.409704316	18.90753614	4.409704316	15.90753614	-5.134817367
159.31	86.75	2.68527185	14.63150185	2.68527185	11.63150185	-4.293629262
110.4	10.41	2.708766381	23.09996226	2.708766381	20.09996226	-9.351210976
52.75	4.63	1.095191312	23.50495108	1.095191312	20.50495108	-11.20777934
112.17	27.39	6.197223354	20.44876909	6.197223354	17.44876909	-4.2720381
190.86	52.22	4.173067801	18.42160312	4.173067801	15.42160312	-5.079894073
31.53	47.79	5.709362956	18.00779439	5.709362956	15.00779439	-3.295313677
128.83	81.11	4.325493095	11.0578343	4.325493095	8.057834299	-0.509207484
176.85	48.65	3.988184586	19.07378112	3.988184586	16.07378112	-5.656084084
127.73	38.88	6.79471745	18.47278675	6.79471745	15.47278675	-2.488954601
136.04	48.84	6.592043613	16.87884855	6.592043613	13.87884855	-1.735265516
107.83	64.12	6.337780472	11.26091452	6.337780472	8.26091452	1.38123176
84.68	1.5	0.416814361	23.57909705	0.416814361	20.57909705	-11.93064387
230.57	72.08	5.278052554	12.04086053	5.278052554	9.040860526	-0.146463761
197.63	12.83	1.956845542	23.15987089	1.956845542	20.15987089	-10.13907699
174.36	43.06	4.059554033	19.82935505	4.059554033	16.82935505	-6.038058996
108.48	23.12	5.561386295	21.24996854	5.561386295	18.24996854	-5.38859483
116.24	33.22	6.832330189	19.26247113	6.832330189	16.26247113	-2.925152486
121.87	59.56	6.754758881	13.36743824	6.754758881	10.36743824	0.53429594
197.41	15.26	2.290535426	22.98694846	2.290535426	19.98694846	-9.701633649
249.48	25.09	5.866187488	20.89315131	5.866187488	17.89315131	-4.8697033
156.14	17.84	2.858589251	22.71738439	2.858589251	19.71738439	-8.971841381
137.55	17.56	3.554176909	22.53138524	3.554176909	19.53138524	-8.164654236
170.18	29.42	3.579361603	21.60605299	3.579361603	18.60605299	-7.584270193
129.73	79.23	4.509578604	11.31825234	4.509578604	8.318252337	-0.481372798
132.3	42.4	6.713946172	17.96967162	6.713946172	14.96967162	-2.267856798
140.66	36.36	5.830154434	19.65314193	5.830154434	16.65314193	-4.161730725
28.37	16.13	2.773701767	22.83407413	2.773701767	19.83407413	-9.126742709
145.37	87.2	3.767122328	13.04496445	3.767122328	10.04496445	-2.259856344
179.69	36.67	3.8275005	20.74025018	3.8275005	17.74025018	-6.816649606
119.95	76	4.693486729	10.42016048	4.693486729	7.420160475	0.241390444
176.41	55.38	3.772709074	18.15773964	3.772709074	15.15773964	-5.321934712
174.54	33.89	3.755593221	21.08327353	3.755593221	18.08327353	-7.094370899
174.58	78.95	1.686209743	15.82485086	1.686209743	12.82485086	-6.008700771
259.42	70.64	5.098505425	9.605863093	5.098505425	6.605863093	1.134987569
222.09	41.85	6.336488123	18.43540941	6.336488123	15.43540941	-2.924757522
121.04	73.26	5.102198762	10.8838605	5.102198762	7.883860495	0.371882465
41.92	80.86	4.320059261	12.32527919	4.320059261	9.325279189	-1.275108253
42.91	38.63	6.221805547	19.03249886	6.221805547	16.03249886	-3.397693772
156.61	30.09	4.26951498	21.26510196	4.26951498	18.26510196	-6.689546196
125.26	53.7	7.041726709	14.94017854	7.041726709	11.94017854	-0.122380414
194.17	81.18	2.271224194	15.32028858	2.271224194	12.32028858	-5.120948951
42.36	63.19	5.871624221	14.33596537	5.871624221	11.33596537	-0.929954999
164.17	33.97	4.146995471	20.90980779	4.146995471	17.90980779	-6.598889204
121.2	66.15	6.055232866	12.01621013	6.055232866	9.016210135	0.645506785
187.9	85.87	1.232500602	15.4912866	1.232500602	12.4912866	-6.26227136
164.04	48.85	4.545650659	18.71720737	4.545650659	15.71720737	-4.884673761
49.78	48.61	6.935379765	16.47092624	6.935379765	13.47092624	-1.147175977
108.64	28	6.387499107	20.24785318	6.387499107	17.24785318	-3.9612128
172.42	6.41	0.909381694	23.48867962	0.909381694	20.48867962	-11.38382608
141.1	16.38	3.209094283	22.70400109	3.209094283	19.70400109	-8.613306368
84.41	8.37	2.293208224	23.25300338	2.293208224	20.25300338	-9.858593803
144.66	41.71	5.860487345	18.86931518	5.860487345	15.86931518	-3.661101765
191.5	0.84	0.123909593	23.58821451	0.123909593	20.58821451	-12.22901911
126.22	82.35	4.156772164	10.63344036	4.156772164	7.633440364	-0.423292054
15.86	57.85	4.257825315	17.43476923	4.257825315	14.43476923	-4.403036223
175.45	0.13	0.018299001	23.58995861	0.018299001	20.58995861	-12.33567616
101.11	2.73	0.749602282	23.55442135	0.749602282	20.55442135	-11.58305053
122.94	18.76	4.309416916	22.18154189	4.309416916	19.18154189	-7.19950822
55.91	40.95	7.097010895	17.8040088	7.097010895	14.8040088	-1.785394384
127.74	11.45	2.640763129	23.07823248	2.640763129	20.07823248	-9.406176358
130.42	0.78	0.179989793	23.58766111	0.179989793	20.58766111	-12.17260687
192.39	65.44	3.507492548	16.67606974	3.507492548	13.67606974	-4.698149295
14.97	31.87	3.96410297	21.21394165	3.96410297	18.21394165	-6.964262017
127.27	70.24	5.51105002	12.03166115	5.51105002	9.031661151	0.092053329
257.19	39.3	7.717799435	17.33685496	7.717799435	14.33685496	-0.88431354
65.69	39.29	7.415246377	17.72501262	7.415246377	14.72501262	-1.419761198
160.11	4.43	0.714359907	23.53681258	0.714359907	20.53681258	-11.60772764
182.92	4.47	0.623240098	23.54134126	0.623240098	20.54134126	-11.70156466
65.75	8.2	2.109256738	23.29233764	2.109256738	20.29233764	-10.06614584
145.98	53.46	5.834942802	16.8178485	5.834942802	13.8178485	-2.4557663
129.51	21.7	4.612644186	21.84747227	4.612644186	18.84747227	-6.695839178
246.15	75.72	4.528020544	9.80908437	4.528020544	6.80908437	0.442569921
157.49	77.15	3.39652376	14.88202673	3.39652376	11.88202673	-3.732692278
5.82	86.73	0.926771065	15.54410581	0.926771065	12.54410581	-6.599692419
197.22	44	4.617396487	19.3965186	4.617396487	16.3965186	-5.220514671
85.54	19.83	5.088384195	21.75662415	5.088384195	18.75662415	-6.165590297
186.82	20.36	2.663189429	22.60919849	2.663189429	19.60919849	-9.102329663
52.56	48.31	7.082137127	16.32556387	7.082137127	13.32556387	-0.913201196
8.26	68.59	2.9663694	16.52176046	2.9663694	13.52176046	-5.146686879
103.4	31.28	6.963744669	19.39763416	6.963744669	16.39763416	-2.874835827
152.39	41.51	5.285234814	19.32668701	5.285234814	16.32668701	-4.510777391
64.64	57.54	7.071868304	13.25668152	7.071868304	10.25668152	0.917859393
72.63	82.56	2.989792379	8.578121294	2.989792379	5.578121294	-0.357080398
129.55	14.54	3.248989109	22.78698261	3.248989109	19.78698261	-8.623200459
111.39	64.41	6.305398119	11.45578558	6.305398119	8.455785584	1.231926768
23.69	52	5.063140599	17.82757296	5.063140599	14.82757296	-3.833403178
188.18	39	4.049214791	20.36154542	4.049214791	17.36154542	-6.367712462
160.72	79.58	2.912519849	15.0187706	2.912519849	12.0187706	-4.29874251
135.12	35.37	6.104198492	19.57976573	6.104198492	16.57976573	-3.843660946
136.85	16.11	3.31625096	22.68704777	3.31625096	19.68704777	-8.495977702
123.25	57	6.921447275	14.03966315	6.921447275	11.03966315	0.297649384
92.82	56.16	7.389620708	12.57890726	7.389620708	9.578907262	1.642276351
62.32	29.51	6.321924722	20.13109943	6.321924722	17.13109943	-3.956734938
146.01	72.27	4.658117662	14.07542105	4.658117662	11.07542105	-1.98713497
170.25	89.95	1.333577184	15.37085902	1.333577184	12.37085902	-6.088938226
101.24	88.29	1.596844934	7.927527185	1.596844934	4.927527185	-1.359671377
129.17	11.43	2.602962122	23.08762209	2.602962122	20.08762209	-9.449611132
137.44	20.9	4.132561175	22.10801507	4.132561175	19.10801507	-7.332247865
135.54	2.13	0.466588672	23.57354815	0.466588672	20.57354815	-11.87754022
138.35	54.67	6.325453807	15.92317419	6.325453807	12.92317419	-1.428450706
125.49	9.97	2.358141333	23.19172506	2.358141333	20.19172506	-9.756893702
141.13	36.67	5.821804366	19.6180612	5.821804366	16.6180612	-4.149032353
150.57	79.57	3.79836284	13.9960192	3.79836284	10.9960192	-2.799248681
160.65	49.33	4.774977516	18.48884102	4.774977516	15.48884102	-4.518327095
24.29	33.21	4.584662333	20.78753214	4.584662333	17.78753214	-6.087856949
23.91	18.75	2.987134269	22.62883375	2.987134269	19.62883375	-8.790165978
168.32	39.68	4.210510441	20.19912618	4.210510441	17.19912618	-6.108965269
0.38	86.06	0.550278968	15.63737348	0.550278968	12.63737348	-7.032145118
231.45	11.16	2.558714342	23.10761393	2.558714342	20.10761393	-9.505854018
163.16	42.37	4.563210223	19.6566958	4.563210223	16.6566958	-5.430807259
110.07	77.12	4.121045664	9.298209259	4.121045664	6.298209259	0.342120108
156.4	3.91	0.661603325	23.54689345	0.661603325	20.54689345	-11.66653274
166.33	62.25	3.836801197	16.98269939	3.836801197	13.98269939	-4.55281844
117.84	88.11	3.330908649	9.368048041	3.330908649	6.368048041	-0.489920176
238.97	25.49	5.593055086	21.02365448	5.593055086	18.02365448	-5.221137605
164.42	12.04	1.800000505	23.21726266	1.800000505	20.21726266	-10.33035709
110.8	61.68	6.674472651	11.98711394	6.674472651	8.987113937	1.282204289
22.83	81.85	3.10870221	14.58191615	3.10870221	11.58191615	-3.840447479
149.83	54.98	5.495935276	16.87777029	5.495935276	13.87777029	-2.830726901
134.1	81	4.365247114	11.7758787	4.365247114	8.775878704	-0.900280109
265.66	17.41	4.552803207	22.16348637	4.552803207	19.16348637	-6.945288614
151.36	67.9	4.629106725	15.15519028	4.629106725	12.15519028	-2.664007444
2.81	31.16	3.552071289	21.44566791	3.552071289	18.44566791	-7.515329458
52.85	37.68	6.743918993	18.70816411	6.743918993	15.70816411	-2.680979472
116.64	14.01	3.464081182	22.74758784	3.464081182	19.74758784	-8.384471525
156.27	73.71	3.77235915	15.03649869	3.77235915	12.03649869	-3.449540065
54.86	56.24	6.907974945	14.37448518	6.907974945	11.37448518	0.083283839
263.82	66.47	5.867941069	10.23479334	5.867941069	7.234793337	1.527065067
54.79	72.46	5.24785629	11.47631775	5.24785629	8.476317748	0.162065641
133.44	6.05	1.346262769	23.45445067	1.346262769	20.45445067	-10.92640763
145.57	85.57	3.80272033	13.10869764	3.80272033	10.10869764	-2.262498251
47.28	44.78	6.76054944	17.4859309	6.76054944	14.4859309	-1.931009099
148.01	67.96	4.872509541	14.79843325	4.872509541	11.79843325	-2.206550407
182.92	66.82	2.922632369	16.820429	2.922632369	13.820429	-5.369625032
223.6	74.8	4.870922114	12.61062611	4.870922114	9.610626107	-0.89545355
36.28	14.09	2.710932811	22.95065978	2.710932811	19.95065978	-9.259463058
156.79	41.16	4.954830045	19.5913253	4.954830045	16.5913253	-4.999965133
15.89	55.63	4.362761172	17.73834942	4.362761172	14.73834942	-4.480248479
101.03	83.9	2.230123563	8.07961414	2.230123563	5.07961414	-0.817644921
209.67	75.16	4.135297735	14.29477272	4.135297735	11.29477272	-2.641565896
125.1	80.59	4.287156057	10.60829558	4.287156057	7.608295583	-0.277821293
30.71	52.43	5.606596213	17.2613146	5.606596213	14.2613146	-2.950192549
17.72	52.45	4.600784059	18.10250166	4.600784059	15.10250166	-4.460716936
72.93	76.94	4.012552656	9.079295501	4.012552656	6.079295501	0.364975355
62.15	3.14	0.799344558	23.54728544	0.799344558	20.54728544	-11.52902671
39.46	79.69	4.333539206	12.7320638	4.333539206	9.732063796	-1.505699072
110.99	36.7	7.341547629	18.24880744	7.341547629	15.24880744	-1.807736838
177.32	3.27	0.456509213	23.56394603	0.456509213	20.56394603	-11.88185841
62.76	67.15	5.9318119	11.44119855	5.9318119	8.441198552	0.867092769
64.57	13.93	3.47069265	22.74927858	3.47069265	19.74927858	-8.378874497
134.95	12.95	2.767849366	22.98774982	2.767849366	19.98774982	-9.224800525
98.8	54.54	7.527271462	13.11223085	7.527271462	10.11223085	1.459932951
14.47	22.9	3.134481954	22.30463727	3.134481954	19.30463727	-8.448300409
24.31	29.17	4.236646408	21.37020287	4.236646408	18.37020287	-6.785475316
145.33	36.16	5.499644701	19.90815022	5.499644701	16.90815022	-4.645245428
254.5	36.57	7.474730446	18.11993195	7.474730446	15.11993195	-1.597228724
246.86	34.76	7.100480452	18.79664112	7.100480452	15.79664112	-2.377504222
74.84	54.88	7.447392184	13.2643225	7.447392184	10.2643225	1.288798685
176.57	15.02	2.0108797	23.05145527	2.0108797	20.05145527	-10.01999346
185	16.93	2.251863942	22.90730712	2.251863942	19.90730712	-9.692520329
183.36	8.52	1.176753232	23.4140187	1.176753232	20.4140187	-11.07165799
176.63	29.09	3.413935405	21.69484727	3.413935405	18.69484727	-7.80297296
177.73	69.26	2.666722516	16.59103497	2.666722516	13.59103497	-5.487898466
128.13	21.07	4.557735101	21.91834553	4.557735101	18.91834553	-6.793272216
155.36	66.63	4.403176552	15.68689853	4.403176552	12.68689853	-3.208962569
76.77	62.35	6.58836541	11.37982335	6.58836541	8.379823354	1.560471398
166.38	74.17	2.827189443	15.78445596	2.827189443	12.78445596	-4.843484135
125.47	74.52	4.992739752	11.24710716	4.992739752	8.247107162	0.044475455
206.49	26.4	4.070314072	21.69610184	4.070314072	18.69610184	-7.147347031
153	27.84	4.256147968	21.48828365	4.256147968	18.48828365	-6.836822222
148.89	47.07	5.672992229	18.16308101	5.672992229	15.16308101	-3.424856377
149.76	29.28	4.598831923	21.19406724	4.598831923	18.19406724	-6.317608422
231.98	74.87	4.965051058	11.52337927	4.965051058	8.523379267	-0.148976502
95.96	72.93	4.529168186	9.065648535	4.529168186	6.065648535	0.889779065
162.97	50.13	4.600799571	18.47972693	4.600799571	15.47972693	-4.687036587
145.29	23.67	4.170156054	21.88463714	4.170156054	18.88463714	-7.160626233
253.24	61.25	6.741931347	11.81766401	6.741931347	8.817664008	1.451332943
104.72	21.03	5.22748524	21.5985581	5.22748524	18.5985581	-5.931649621
154.7	41.08	5.101153328	19.50984723	5.101153328	16.50984723	-4.804755011
103.16	34.61	7.345863028	18.56830754	7.345863028	15.56830754	-1.995121499
201.31	48.47	4.925084799	18.52091446	4.925084799	15.52091446	-4.387463875
179.5	89.25	0.125691569	15.60076063	0.125691569	12.60076063	-7.434764811
133.27	67.97	5.633499932	13.08403483	5.633499932	10.08403483	-0.416920968
99.02	88.24	1.328130425	7.821280462	1.328130425	4.821280462	-1.564637852
27.3	21.13	3.45717973	22.33328692	3.45717973	19.33328692	-8.142792422
106.72	47.57	7.799681438	15.24446187	7.799681438	12.24446187	0.453004316
53.6	4.63	1.103214082	23.50420999	1.103214082	20.50420999	-11.19931191
59.43	68.12	5.804483375	11.60898145	5.804483375	8.608981447	0.639094507
155.07	54.18	5.106034048	17.40325581	5.106034048	14.40325581	-3.535919436
1.94	77.15	1.754363853	15.9864935	1.754363853	12.9864935	-6.037532249
97.39	88.94	1.060306112	7.747608158	1.060306112	4.747608158	-1.788258782
242.52	83.65	3.609918468	9.485945773	3.609918468	6.485945773	-0.281648996
145.33	36.86	5.548960835	19.78458187	5.548960835	16.78458187	-4.52178829
245.74	0.03	0.007819483	23.58999599	0.007819483	20.58999599	-12.34617811
148.86	48.68	5.680791538	17.87800632	5.680791538	14.87800632	-3.246012256
241.6	18.7	4.435458282	22.13316905	4.435458282	19.13316905	-7.044443151
196.08	19.74	2.82765801	22.60860111	2.82765801	19.60860111	-8.937502655
117.86	29.32	6.289083394	20.17651167	6.289083394	17.17651167	-4.016823605
68.41	8.64	2.250478769	23.25378184	2.250478769	20.25378184	-9.901790334
2.74	67.28	2.874628289	16.77635003	2.874628289	13.77635003	-5.391181729
180.7	67.37	2.83953451	16.78194042	2.83953451	13.78194042	-5.42962974
172.32	48.9	4.106888201	18.97178346	4.106888201	15.97178346	-5.476181877
113.11	30.43	6.604768216	19.80645088	6.604768216	16.80645088	-3.479102312
186.24	74.91	2.196400415	16.05352271	2.196400415	13.05352271	-5.635713211
151.63	49.73	5.46164363	17.88814239	5.46164363	14.88814239	-3.471241806
167.48	86.18	1.776413216	15.26165035	1.776413216	12.26165035	-5.580576996
141.14	80.35	4.265695826	12.76759064	4.265695826	9.767590639	-1.594858558
60.86	32.09	6.591665341	19.61470232	6.591665341	16.61470232	-3.377156053
50.67	49.18	6.97829858	16.2763608	6.97829858	13.2763608	-0.9875179
203.81	31.2	4.392026974	21.09642188	4.392026974	18.09642188	-6.465826153
24.27	56.05	4.988948745	17.16308608	4.988948745	14.16308608	-3.508902901
203.23	71.7	3.890474658	15.26729218	3.890474658	12.26729218	-3.469900652
194.07	67.13	3.492299589	16.40593484	3.492299589	13.40593484	-4.551261315
216.82	11.3	2.217737154	23.17304216	2.217737154	20.17304216	-9.886088145
92.03	74.02	4.235407885	8.830407216	4.235407885	5.830407216	0.737163555
138.84	2.26	0.477461744	23.57219287	0.477461744	20.57219287	-11.86585398
252.32	37.3	7.480250829	17.99241745	7.480250829	14.99241745	-1.515199639
69.83	65.83	6.090079164	11.07966627	6.090079164	8.079666268	1.242279403
111.61	70.32	5.380289177	10.38313765	5.380289177	7.383137647	0.950406589
222.03	33.06	5.717341342	20.14643063	5.717341342	17.14643063	-4.570517036
137.23	67.04	5.570714034	13.6921352	5.570714034	10.6921352	-0.844567087
37.83	80.3	4.229716553	12.90661211	4.229716553	9.906612105	-1.71425071
268.92	21.83	5.515420727	21.38075238	5.515420727	18.38075238	-5.513030702
170.7	11.66	1.643094005	23.25511836	1.643094005	20.25511836	-10.50997701
144.88	20.26	3.691829623	22.31482896	3.691829623	19.31482896	-7.897067755
127.8	31.5	6.125265572	20.04680346	6.125265572	17.04680346	-4.102816501
49.41	25.84	5.2327606	21.19679768	5.2327606	18.19679768	-5.685318008
141.19	83.47	4.075592473	12.60543062	4.075592473	9.60543062	-1.6876659
99.05	4.62	1.271022804	23.48760758	1.271022804	20.48760758	-11.02154174
61.6	53.34	7.298579349	14.46980118	7.298579349	11.46980118	0.416698643
156.28	14.66	2.391761691	22.99542061	2.391761691	19.99542061	-9.605490673
171.28	75.46	2.299718405	15.93153208	2.299718405	12.93153208	-5.459200846
43.33	15.08	3.129291817	22.79452426	3.129291817	19.79452426	-8.747422736
212.96	45.2	5.78819056	18.37635811	5.78819056	15.37635811	-3.437624308
174.32	89.94	0.786951797	15.52174251	0.786951797	12.52174251	-6.726093709
115.57	31.99	6.716668229	19.52283923	6.716668229	16.52283923	-3.197035312
153.67	4.24	0.74309723	23.53773201	0.74309723	20.53773201	-11.57954197
254.66	19.23	4.842397159	21.91716904	4.842397159	18.91716904	-6.507904264
5.52	35.81	3.85237279	20.82938446	3.85237279	17.82938446	-6.845257884
242.85	30.03	6.411832197	20.00444455	6.411832197	17.00444455	-3.790834535
170.56	20.66	2.746843724	22.56862355	2.746843724	19.56862355	-8.994330405
44.48	84.25	4.147859385	11.79708433	4.147859385	8.797084326	-1.130391211
121.5	61.49	6.578757519	12.93502084	6.578757519	9.935020838	0.617745017
140.44	86.59	3.972609926	12.39880127	3.972609926	9.398801275	-1.666670839
155.02	39.42	5.010203141	19.79366331	5.010203141	16.79366331	-5.065994847
106.22	84.63	2.568957213	8.367906416	2.568957213	5.367906416	-0.651786637
170.34	0.53	0.076963503	23.58929709	0.076963503	20.58929709	-12.27661475
35.08	54.93	5.868927497	16.46996283	5.868927497	13.46996283	-2.2130502
147.82	72.1	4.554638738	14.30259071	4.554638738	11.30259071	-2.226915689
48.19	20.97	4.389764682	21.9981342	4.389764682	18.9981342	-7.009115839
135.84	83.92	4.162903136	11.8552614	4.162903136	8.855261395	-1.150253702
97.79	68.69	5.453000775	9.84787663	5.453000775	6.84787663	1.344274797
237.81	74.38	4.967791315	10.87169536	4.967791315	7.871695363	0.244774097
198.2	51.61	4.655436698	18.20252962	4.655436698	15.20252962	-4.466081071
178.51	71.33	2.432750065	16.41392567	2.432750065	13.41392567	-5.615605337
202.72	29.61	4.187507981	21.34844016	4.187507981	18.34844016	-6.821556117
47.99	20.11	4.230517726	22.12399582	4.230517726	19.12399582	-7.243879764
132.22	28.11	5.472375224	20.84343504	5.472375224	17.84343504	-5.2336858
117.18	52.61	7.371495867	14.55482822	7.371495867	11.55482822	0.438598936
100.82	74.69	4.242949272	8.986031419	4.242949272	5.986031419	0.65133042
9.03	26.14	3.283582638	22.00095051	3.283582638	19.00095051	-8.116987668
179.51	36.23	3.80975225	20.7987752	3.80975225	17.7987752	-6.86951287
72.59	77.59	3.902278364	9.030297235	3.902278364	6.030297235	0.284100023
171.98	55.33	3.917493797	18.08027568	3.917493797	15.08027568	-5.130671609
199.6	89.21	2.527689515	14.70259305	2.527689515	11.70259305	-4.493866314
265	18.33	4.757437639	22.0155222	4.757437639	19.0155222	-6.651875678
100.8	74.45	4.29506182	9.018807306	4.29506182	6.018807306	0.683777437
102.84	60.83	6.803048542	11.70708125	6.803048542	8.707081247	1.578799794
121.35	22.41	5.054348445	21.58182557	5.054348445	18.58182557	-6.094746898
198.75	42.82	4.695604485	19.51731542	4.695604485	16.51731542	-5.214784767
266.09	35.92	7.58107606	18.10304272	7.58107606	15.10304272	-1.480749574
114.1	53.95	7.373607926	14.01505269	7.373607926	11.01505269	0.764576315
248.18	72.05	5.089386521	10.12678131	5.089386521	7.126781306	0.813317738
96.54	9.46	2.578220438	23.16111813	2.578220438	20.16111813	-9.518450442
156.18	73.93	3.762600082	15.00886757	3.762600082	12.00886757	-3.442720458
192.15	75.7	2.554644823	15.75510769	2.554644823	12.75510769	-5.098419794
102.29	31.91	7.062719709	19.22627919	7.062719709	16.22627919	-2.673047807
228.73	38.71	6.585448596	18.69982414	6.585448596	15.69982414	-2.834445887
233.64	51.5	7.077507137	15.52266766	7.077507137	12.52266766	-0.436093461
135.34	63.07	5.993288719	14.10104868	5.993288719	11.10104868	-0.667340487
139.63	66.82	5.475547634	14.00517869	5.475547634	11.00517869	-1.127559578
168.41	68.21	3.21579518	16.42290591	3.21579518	13.42290591	-4.837948366
155.57	35.02	4.724129867	20.50867541	4.724129867	17.50867541	-5.781075381
105.06	38.64	7.634149126	17.56961517	7.634149126	14.56961517	-1.107619977
128.5	86.07	3.982120053	10.76684049	3.982120053	7.766840487	-0.677984239
131.92	51.57	6.798182826	15.9721487	6.798182826	12.9721487	-0.985106392
248.28	76.47	4.312451818	9.519018069	4.312451818	6.519018069	0.401040976
37.6	24.87	4.487902743	21.65069445	4.487902743	18.65069445	-6.702513924
57.83	56.01	7.02346919	14.16144731	7.02346919	11.16144731	0.326600801
264.37	52.95	7.672635452	13.46004887	7.672635452	10.46004887	1.39660613
250.41	86.71	2.66376874	8.557888751	2.66376874	5.557888751	-0.67096451
153.59	7.73	1.345542668	23.41684998	1.345542668	20.41684998	-10.90456732
265.79	45.04	7.979205657	15.61040441	7.979205657	12.61040441	0.412963008
186.06	46.94	4.076595184	19.27713313	4.076595184	16.27713313	-5.689684695
31.21	8.11	1.501097484	23.38828712	1.501097484	20.38828712	-10.73187479
148.46	81.42	3.828807936	13.6402209	3.828807936	10.6402209	-2.555324606
177.9	79.6	1.449413697	15.84999238	1.449413697	12.84999238	-6.260581729
16.38	39.51	4.451555485	20.09871346	4.451555485	17.09871346	-5.807672593
154.86	70.36	4.158191692	15.22348297	4.158191692	12.22348297	-3.175898088
100.02	13.36	3.552283921	22.74969858	3.552283921	19.74969858	-8.297535227
58.17	55.78	7.049266095	14.1834315	7.049266095	11.1834315	0.339207194
126.95	23.46	5.019754489	21.51490323	5.019754489	18.51490323	-6.089187449
180.19	40.11	3.937021974	20.27357627	3.937021974	17.27357627	-6.427123788
120.07	75.96	4.702509306	10.43839334	4.702509306	7.43839334	0.239473302
108.65	17.66	4.444266706	22.19452517	4.444266706	19.19452517	-7.072448399
120.09	27.35	5.919580847	20.64099337	5.919580847	17.64099337	-4.665015173
94.26	43.5	7.967459919	16.03905459	7.967459919	13.03905459	0.144027164
119.73	30.4	6.359986841	20.00117185	6.359986841	17.00117185	-3.840716272
169.05	71.86	2.829139661	16.11414206	2.829139661	13.11414206	-5.039345575
268.62	88.87	0.369064906	7.620847278	0.369064906	4.620847278	-2.403443461
37.63	14.31	2.795140194	22.91990904	2.795140194	19.91990904	-9.156805227
259.65	21.32	5.349687662	21.51173001	5.349687662	18.51173001	-5.757350346
34.72	63.2	5.411445287	15.15921775	5.411445287	12.15921775	-1.884085366
229.16	33.79	6.208972366	19.70419499	6.208972366	16.70419499	-3.813544631
73.69	87.63	2.243241266	8.266402901	2.243241266	5.266402901	-0.916600475
58.83	87.51	3.585774606	9.776547652	3.585774606	6.776547652	-0.480153985
168.38	57.93	3.972146965	17.61971551	3.972146965	14.61971551	-4.79968234
135.24	77.41	4.654547805	12.20631149	4.654547805	9.206311485	-0.869239086
21.21	36.17	4.589394448	20.44268187	4.589394448	17.44268187	-5.876214676
171.4	56.87	3.867398193	17.86137005	3.867398193	14.86137005	-5.049423839
191.83	88.67	1.614396943	15.26867767	1.614396943	12.26867767	-5.746809659
159.76	50.35	4.827700371	18.28635157	4.827700371	15.28635157	-4.344110572
93.53	84.02	1.723262772	7.813404212	1.723262772	4.813404212	-1.164779756
213.56	64.83	5.217317333	15.04520707	5.217317333	12.04520707	-2.009806906
242.04	43.56	7.459845743	16.83552854	7.459845743	13.83552854	-0.84147138
187.54	57.51	3.78536242	17.80749703	3.78536242	14.80749703	-5.099135796
105.36	79.89	3.337224864	8.645732321	3.337224864	5.645732321	-0.050214528
46.15	17.89	3.756318991	22.44389387	3.756318991	19.44389387	-7.910017328
163.56	35.58	4.274321428	20.66844093	4.274321428	17.66844093	-6.326743132
172.62	89.3	1.022557897	15.46938317	1.022557897	12.46938317	-6.459072004
170.74	36.21	3.978296459	20.72943773	3.978296459	17.72943773	-6.65936618
6.86	59.3	3.649682808	17.59834667	3.649682808	14.59834667	-5.109325195
152.29	81.12	3.571799119	14.10394593	3.571799119	11.10394593	-3.090568437
81.9	89.58	1.120556998	7.769476864	1.120556998	4.769476864	-1.741129121
134.54	58.78	6.339942224	14.7779949	6.339942224	11.7779949	-0.726854713
175.12	9.76	1.349425627	23.35872537	1.349425627	20.35872537	-10.8658096
153.76	3.25	0.569714285	23.55929953	0.569714285	20.55929953	-11.76586543
208.67	55.63	5.355751118	16.89343929	5.355751118	13.89343929	-2.980312453
186.09	51.04	4.00450401	18.70456286	4.00450401	15.70456286	-5.418233703
246.41	86.58	3.05326419	8.941923203	3.05326419	5.941923203	-0.511889732
128.84	67.15	5.834341598	12.6883658	5.834341598	9.688365801	0.021322117
155.6	59.63	4.834537802	16.62735197	4.834537802	13.62735197	-3.341873378
125.67	47.1	7.171470643	16.47270993	7.171470643	13.47270993	-0.912155317
86.31	23.39	5.814061401	21.07677981	5.814061401	18.07677981	-5.032006483
159.57	86.58	2.662968666	14.6583585	2.662968666	11.6583585	-4.332046433
232.52	48.62	7.078019976	16.25862833	7.078019976	13.25862833	-0.877157023
125.67	2.72	0.653852967	23.5601314	0.653852967	20.5601314	-11.68222588
105.9	62.67	6.545972209	11.45164083	6.545972209	8.451640828	1.474987712
110.63	46.77	7.722166338	15.63320586	7.722166338	12.63320586	0.142242822
188.1	5.31	0.757924861	23.5202114	0.757924861	20.5202114	-11.55420198
22.3	80.1	3.167435018	14.71973242	3.167435018	11.71973242	-3.864404433
154.43	29.72	4.362628429	21.26038621	4.362628429	18.26038621	-6.593603299
32.02	20.67	3.610579805	22.31458397	3.610579805	19.31458397	-7.978170574
165.65	10.26	1.525178768	23.32094611	1.525178768	20.32094611	-10.6673889
93.65	27.98	6.611763537	20.07970231	6.611763537	17.07970231	-3.636057852
236.29	20.56	4.630210516	21.92266377	4.630210516	18.92266377	-6.723387748
136.41	58.68	6.246856107	14.9869062	6.246856107	11.9869062	-0.945287612
126.55	5.95	1.412147352	23.44873574	1.412147352	20.44873574	-10.85709409
50.71	24.79	5.132954757	21.34388637	5.132954757	18.34388637	-5.873377063
109.66	25.36	5.934604082	20.82446043	5.934604082	17.82446043	-4.760072175
90.46	79.21	2.939302581	8.170556569	2.939302581	5.170556569	-0.16303136
65.42	39.99	7.445260976	17.56116287	7.445260976	14.56116287	-1.291436749
269.12	68.03	5.54481233	9.848286735	5.54481233	6.848286735	1.435840289
202.18	54.3	4.88457152	17.56978766	4.88457152	14.56978766	-3.857301078
84.83	70.49	5.055399016	9.450001869	5.055399016	6.450001869	1.185397895
232	10.25	2.370428433	23.17990563	2.370428433	20.17990563	-9.737514943
139.52	88.07	3.961626781	12.24559213	3.961626781	9.24559213	-1.585728496
50.4	76.37	4.800892026	11.56352555	4.800892026	8.563525548	-0.337223303
243.85	4.56	1.170732663	23.49880418	1.170732663	20.49880418	-11.12854985
240.3	41.96	7.339296164	17.32309471	7.339296164	14.32309471	-1.254560663
166.89	29.31	3.688760405	21.57673284	3.688760405	18.57673284	-7.457279297
132.6	56.72	6.558494695	14.98011692	6.558494695	11.98011692	-0.62957546
33.58	20.73	3.691921372	22.28267626	3.691921372	19.28267626	-7.877684381
246.97	52.19	7.500037447	14.37894327	7.500037447	11.37894327	0.672671483
134.92	54.28	6.54613974	15.6827483	6.54613974	12.6827483	-1.063509237
173.01	53.99	3.934412917	18.28437415	3.934412917	15.28437415	-5.236211576
142.73	40.36	5.937533238	19.01044638	5.937533238	16.01044638	-3.668734587
209.93	3.19	0.586832607	23.55909871	0.586832607	20.55909871	-11.74862662
53.38	46.24	7.120219154	16.7372706	7.120219154	13.7372706	-1.122143206
179.94	36.7	3.828506149	20.7363219	3.828506149	17.7363219	-6.81328699
210.68	9.72	1.777258434	23.30295228	1.777258434	20.30295228	-10.40451293
26.09	41.39	5.169657965	19.42153094	5.169657965	16.42153094	-4.683260597
108.81	40.58	7.650960351	17.17937024	7.650960351	14.17937024	-0.856661792
262.49	49.6	7.85950005	14.40170394	7.85950005	11.40170394	1.018477683
107.75	72.49	4.899987965	9.73195982	4.899987965	6.73195982	0.860812073
28.95	63.08	4.99552698	15.74945229	4.99552698	12.74945229	-2.654144391
133.01	78.5	4.581577985	11.81511014	4.581577985	8.815110136	-0.707488096
39.83	4.7	0.974895783	23.51434795	0.974895783	20.51434795	-11.33371299
182.34	19.77	2.549908362	22.67434152	2.549908362	19.67434152	-9.25469655
59	41.37	7.259244197	17.53552329	7.259244197	14.53552329	-1.462069777
87.24	86.27	1.104855464	7.696077087	1.104855464	4.696077087	-1.712790788
160.11	71.1	3.648577978	15.61054974	3.648577978	12.61054974	-3.917751867
260.18	40.67	7.833057708	16.90177067	7.833057708	13.90177067	-0.508004693
27.99	30.01	4.535816413	21.15105906	4.535816413	18.15105906	-6.354819026
211.61	5.32	0.996718972	23.50244315	0.996718972	20.50244315	-11.30474692
176.07	66.68	2.96103703	16.82046187	2.96103703	13.82046187	-5.331240094
253.5	45.61	7.82209538	15.75899847	7.82209538	12.75899847	0.166696301
101.49	17.99	4.626165036	22.09592671	4.626165036	19.09592671	-6.831390989
38.47	38.45	5.914638692	19.30478027	5.914638692	16.30478027	-3.868229473
148.56	15.18	2.73211535	22.89309858	2.73211535	19.89309858	-9.203743797
11.34	67.65	3.247861391	16.49110396	3.247861391	13.49110396	-4.846800984
172.94	33.15	3.751381918	21.16468854	3.751381918	18.16468854	-7.147431206
166.01	84.76	2.018733852	15.20356775	2.018733852	12.20356775	-5.303406796
134.85	1.55	0.342145555	23.58121569	0.342145555	20.58121569	-12.00658386
122.62	74.62	4.943041197	10.89255685	4.943041197	7.892556851	0.207507086
147.76	56.39	5.603876161	16.47102588	5.603876161	13.47102588	-2.478739366
107.12	48.49	7.771637421	15.01729314	7.771637421	12.01729314	0.561261536
35.56	58.55	5.74882674	15.80846092	5.74882674	12.80846092	-1.936249811
72.48	65.4	6.139404202	10.97778047	6.139404202	7.977780471	1.35273592
176.73	8.5	1.173753834	23.41486952	1.173753834	20.41486952	-11.07516788
167.42	78.98	2.290212829	15.52676623	2.290212829	12.52676623	-5.225846912
218.23	1.29	0.263620135	23.58439971	0.263620135	20.58439971	-12.08701969
11.34	26.49	3.383532081	21.93890351	3.383532081	18.93890351	-7.979810024
173.18	16.19	2.185464166	22.96007762	2.185464166	19.96007762	-9.790582409
139.59	83.37	4.127969648	12.39361723	4.127969648	9.393617227	-1.508200688
211.22	6.14	1.142595885	23.47403662	1.142595885	20.47403662	-11.14182609
139.9	52.3	6.294661966	16.51266978	6.294661966	13.51266978	-1.812939903
121.76	57.34	6.941230498	13.83278266	6.941230498	10.83278266	0.441560902
41.82	58.61	6.150276146	15.17896595	6.150276146	12.17896595	-1.157103425
200.43	77.82	3.153413969	15.02546371	3.153413969	12.02546371	-4.061864255
